100 291
0 1
0 2
0 3
0 4
0 5
0 6
0 7
0 8
0 9
0 11
0 12
0 13
0 14
0 15
0 17
0 19
0 21
0 22
0 24
0 25
0 27
0 30
0 31
0 33
0 47
0 50
0 54
0 55
0 57
0 62
0 65
0 71
0 91
0 97
0 99
1 16
1 26
1 36
1 56
1 69
2 4
2 5
2 6
2 8
2 9
2 10
2 11
2 20
2 22
2 32
2 34
2 38
2 49
2 50
2 59
3 4
3 15
3 28
3 31
3 37
3 48
4 5
4 6
4 7
4 8
4 10
4 11
4 13
4 20
4 21
4 24
4 29
4 32
4 33
4 35
4 37
4 39
4 54
4 58
4 61
4 63
4 67
4 71
4 75
4 77
4 79
4 81
4 82
4 86
4 87
4 90
4 99
5 16
5 17
5 18
5 23
5 31
5 48
5 59
5 62
5 71
5 72
5 79
5 81
5 85
6 7
6 10
6 13
6 17
6 26
6 34
6 40
6 52
6 57
6 74
6 78
7 36
7 59
8 9
8 12
8 14
8 19
8 21
8 26
8 28
8 44
8 51
8 53
8 75
8 85
9 12
9 14
9 16
9 24
9 77
9 95
10 15
10 64
10 95
12 25
12 27
12 32
12 60
12 68
12 75
12 87
12 91
12 92
12 93
13 18
13 23
13 28
13 43
13 45
13 58
13 76
14 49
14 73
14 96
15 19
15 23
15 35
15 47
15 52
15 79
15 83
15 96
16 18
16 29
16 39
17 25
17 30
17 42
17 52
17 81
17 99
18 27
18 43
18 56
19 20
19 38
19 45
19 46
19 74
19 80
19 83
19 86
19 93
19 97
20 29
20 42
20 46
20 64
20 70
21 22
21 34
21 39
22 40
22 43
22 65
22 70
23 41
23 50
24 38
24 57
24 67
24 68
24 90
25 66
26 30
26 84
27 64
27 66
27 82
28 44
28 46
28 54
28 98
29 33
29 40
29 60
29 73
30 37
30 51
30 53
30 92
31 35
31 41
31 44
31 51
31 63
31 70
31 89
31 92
32 53
32 58
33 36
33 45
33 49
33 98
34 48
34 68
34 94
34 97
35 42
35 47
35 67
35 73
35 76
35 89
37 77
37 91
37 94
38 55
38 56
38 61
38 62
40 41
42 80
43 94
44 98
45 82
45 88
46 55
47 63
47 74
47 83
47 87
47 93
47 96
48 72
48 95
49 76
50 60
50 72
51 61
54 65
54 66
55 69
58 69
64 86
64 89
68 78
68 80
69 84
71 78
71 88
73 84
73 88
75 90
77 85
