100 291
0 1
0 2
0 3
0 4
0 6
0 8
0 9
0 10
0 11
0 35
0 38
0 41
0 44
0 46
0 49
0 90
0 99
1 4
1 7
1 11
1 13
1 14
1 20
1 22
1 26
1 36
1 37
1 38
1 48
1 50
1 54
1 63
1 67
1 68
1 70
1 72
1 85
1 92
1 94
2 5
2 6
2 60
2 61
2 69
2 83
2 95
3 4
3 5
3 7
3 23
3 27
3 33
3 39
3 56
3 66
3 87
3 89
4 5
4 6
4 7
4 8
4 9
4 10
4 12
4 13
4 16
4 17
4 18
4 19
4 28
4 34
4 35
4 42
4 43
4 47
4 48
4 51
4 52
4 57
4 73
4 75
4 79
5 13
5 19
5 20
5 21
5 24
5 29
5 36
5 72
6 15
6 20
6 26
6 36
6 81
6 98
7 8
7 10
7 22
7 27
7 31
7 32
7 33
7 46
7 62
7 63
7 82
8 9
8 14
8 15
8 17
8 21
8 28
8 29
8 30
8 49
8 55
8 71
8 78
8 84
8 88
9 16
9 29
9 46
10 11
10 12
10 17
10 18
10 21
10 22
10 32
10 37
10 41
10 59
11 12
11 82
12 25
12 44
12 73
12 79
13 14
13 15
13 32
13 40
13 51
14 18
14 19
14 25
14 61
14 65
14 71
14 77
14 86
14 95
15 16
15 24
15 45
15 74
16 60
16 64
16 74
17 50
17 61
17 88
18 23
18 24
18 25
18 40
18 44
18 53
18 78
18 87
18 90
18 96
19 28
19 30
19 41
19 84
20 26
20 80
20 93
21 37
21 53
21 90
22 23
22 30
22 31
22 34
22 42
22 43
22 47
22 50
22 55
22 58
22 79
22 86
23 68
24 27
24 35
25 51
25 56
25 83
25 85
26 54
26 68
26 88
27 62
28 38
28 96
29 40
29 55
29 64
29 67
29 78
29 99
30 31
30 33
30 34
30 53
30 70
30 80
30 93
31 92
32 56
32 76
32 99
34 54
34 80
35 82
36 39
36 42
36 60
36 65
36 97
37 39
37 47
37 57
37 65
37 73
38 48
38 49
38 63
39 45
40 97
41 43
41 45
41 69
43 57
43 62
43 69
43 70
43 75
43 83
44 81
46 52
46 64
46 66
47 89
48 52
49 76
49 84
51 58
51 59
52 75
53 97
54 59
54 71
55 98
56 58
61 81
63 66
63 72
63 85
65 67
65 76
65 91
66 77
66 91
68 74
70 86
72 94
73 89
73 91
73 93
75 77
75 87
77 96
80 92
81 94
84 98
87 95
